GET/api/broker/SendGet/4/message%20:275.973657740268
Channel #4
message :275.973657740268